"id_1","id_2","cmp_fname_c1","cmp_fname_c2","cmp_lname_c1","cmp_lname_c2","cmp_sex","cmp_bd","cmp_bm","cmp_by","cmp_plz","is_match"
53719,60579,1,?,1,?,1,1,1,1,1,TRUE
58967,58973,1,?,1,?,1,1,1,1,1,TRUE
1499,23331,1,?,1,?,1,1,1,1,1,TRUE
18441,36183,1,1,1,?,1,1,1,1,1,TRUE
8902,11508,1,?,1,?,1,1,1,1,1,TRUE
17704,21348,1,?,1,?,1,1,1,1,1,TRUE
1837,31102,1,?,1,?,0,1,1,1,1,TRUE
42566,46904,1,1,1,?,1,1,1,1,1,TRUE
5065,14199,1,?,1,?,1,1,1,0,1,TRUE
28241,29523,1,?,1,?,1,1,1,1,1,TRUE
22682,60001,1,?,1,?,1,1,1,1,0,TRUE
1496,2695,1,?,1,?,1,1,1,1,1,TRUE
13988,13989,1,?,1,?,1,1,1,1,1,TRUE
28481,40484,1,1,1,?,1,1,1,1,1,TRUE
41406,42799,1,?,1,?,1,1,1,1,1,TRUE
44192,67350,1,?,1,?,1,1,1,1,1,TRUE
42306,45383,1,?,1,?,1,1,1,1,1,TRUE
11084,11541,1,?,1,?,1,1,1,1,1,TRUE
25644,37723,1,?,1,?,1,1,1,1,1,TRUE
29306,53194,1,?,1,?,1,1,1,1,1,TRUE
20673,28545,1,?,1,?,1,1,1,1,1,TRUE
17467,19448,1,?,1,?,1,1,1,1,1,TRUE
58987,58988,1,?,1,?,1,1,1,1,1,TRUE
7887,82892,1,?,1,?,1,1,1,1,1,TRUE
27587,39572,1,?,1,?,1,1,1,1,1,TRUE
19920,49761,1,?,1,?,1,1,1,1,1,TRUE
26620,31103,1,?,1,?,1,1,1,1,1,TRUE
28074,49868,1,?,1,?,1,1,1,1,1,TRUE
17273,30826,1,?,1,?,1,1,1,1,1,TRUE
67555,83442,1,?,1,?,1,1,1,1,1,TRUE
30949,42995,1,?,1,?,1,1,1,1,1,TRUE
10679,10680,1,?,1,?,1,1,1,1,1,TRUE
26619,31288,1,?,1,?,1,1,1,1,1,TRUE
37041,70455,1,?,1,?,1,1,1,1,1,TRUE
26275,31884,1,?,1,?,1,1,1,1,1,TRUE
31690,74606,1,?,1,?,1,1,1,1,1,TRUE
23932,49750,1,?,1,?,1,1,1,1,1,TRUE
9168,13219,1,?,1,?,1,1,1,1,1,TRUE
45636,85294,1,?,1,?,1,1,1,1,1,TRUE
82050,82051,1,?,1,1,1,1,1,1,1,TRUE
33484,40454,1,?,1,?,1,1,1,1,1,TRUE
17502,26792,1,?,1,?,1,1,1,1,1,TRUE
1309,1312,1,?,1,?,1,1,1,1,1,TRUE
24286,27044,1,?,1,?,1,1,1,1,1,TRUE
47443,97607,1,?,1,?,1,1,1,1,1,TRUE
23073,25364,1,?,1,?,1,1,1,1,1,TRUE
31716,70072,1,?,1,?,1,1,1,1,1,TRUE
53976,64281,1,?,1,?,1,1,1,1,1,TRUE
62517,62524,1,?,1,?,1,1,1,1,1,TRUE
