"id_1","id_2","cmp_fname_c1","cmp_fname_c2","cmp_lname_c1","cmp_lname_c2","cmp_sex","cmp_bd","cmp_bm","cmp_by","cmp_plz","is_match"
607,53170,1,?,1,?,1,1,1,1,1,TRUE
88569,88592,1,?,1,?,1,1,1,1,1,TRUE
21282,26255,1,?,1,?,1,1,1,1,1,TRUE
20995,42541,1,?,1,?,1,1,1,1,1,TRUE
27989,34739,1,?,1,?,1,1,1,1,1,TRUE
32442,69159,1,?,1,?,1,1,1,1,1,TRUE
24738,29196,1,1,1,?,1,1,1,1,1,TRUE
9904,89061,1,?,1,?,1,1,1,1,1,TRUE
29926,36578,1,?,1,?,1,1,1,1,1,TRUE
27815,46246,1,?,1,?,1,1,1,1,1,TRUE
71026,73461,1,?,1,?,1,1,1,1,1,TRUE
18812,54292,1,1,1,?,1,1,1,1,0,TRUE
20649,52511,1,?,0.875,?,1,1,1,1,1,TRUE
39573,49314,1,?,1,?,1,1,1,1,1,TRUE
4018,5824,1,?,1,?,1,1,1,1,1,TRUE
16333,40015,1,?,1,?,1,1,1,1,1,TRUE
4572,4636,1,?,1,?,1,1,1,1,1,TRUE
16892,39791,1,?,1,?,1,1,1,1,1,TRUE
40334,74815,1,?,1,?,1,1,1,1,1,TRUE
39491,41781,1,?,1,?,1,1,1,1,1,TRUE
28216,43429,1,?,1,?,1,1,1,1,1,TRUE
23122,26125,1,?,1,?,1,1,1,1,1,TRUE
10046,11599,1,?,1,?,1,1,1,1,1,TRUE
92122,94135,1,?,1,?,1,1,1,1,1,TRUE
7642,12619,1,?,1,?,1,1,1,1,1,TRUE
36461,45529,1,?,1,?,1,1,1,1,1,TRUE
81317,90358,1,?,1,?,1,1,1,1,1,TRUE
23330,57451,1,?,1,?,1,1,1,1,1,TRUE
62648,99126,1,1,1,?,1,1,1,1,1,TRUE
60745,83768,1,?,1,?,1,1,1,1,1,TRUE
17216,30928,1,?,1,?,1,1,1,1,1,TRUE
41357,49290,1,?,1,?,1,1,1,1,1,TRUE
34610,45903,1,?,1,?,1,1,1,1,1,TRUE
3104,56790,1,?,1,?,1,1,1,1,1,TRUE
72183,86147,1,?,1,?,1,1,1,1,1,TRUE
11567,32967,1,?,1,?,1,1,1,1,1,TRUE
55391,55392,1,?,1,?,1,1,1,1,1,TRUE
59016,66891,1,1,1,?,1,1,1,1,1,TRUE
38512,76012,1,?,1,?,1,1,1,1,1,TRUE
44667,90514,1,?,1,?,1,1,1,1,1,TRUE
15687,37741,1,?,1,?,1,1,1,1,1,TRUE
19942,41103,1,?,1,?,1,1,1,1,1,TRUE
14421,72650,1,?,1,?,1,1,1,1,1,TRUE
34549,37969,1,?,1,?,1,1,1,1,1,TRUE
18929,42524,0.857142857142857,?,1,?,1,1,1,1,1,TRUE
28060,49581,1,?,1,?,1,1,1,1,1,TRUE
65305,90910,1,?,1,?,1,1,1,1,1,TRUE
21013,37946,1,1,1,?,1,1,1,1,1,TRUE
26275,34073,1,?,1,?,1,1,1,1,1,TRUE
