"id_1","id_2","cmp_fname_c1","cmp_fname_c2","cmp_lname_c1","cmp_lname_c2","cmp_sex","cmp_bd","cmp_bm","cmp_by","cmp_plz","is_match"
41264,44629,1,?,1,?,1,1,1,1,1,TRUE
28871,41775,1,?,1,?,1,1,1,1,1,TRUE
99344,99345,1,?,1,?,1,1,1,1,1,TRUE
31193,66985,1,?,1,?,1,1,1,1,0,TRUE
24429,25831,1,?,1,?,1,1,1,1,1,TRUE
23571,49029,1,?,1,?,1,1,1,1,1,TRUE
6884,6885,1,?,1,?,1,1,1,1,1,TRUE
7144,9338,1,?,1,?,1,1,1,1,1,TRUE
12462,95410,1,?,1,?,1,1,1,1,1,TRUE
43432,60821,1,?,1,?,1,1,1,1,1,TRUE
90593,93378,1,?,1,?,1,1,1,1,1,TRUE
34866,40261,1,?,1,?,1,1,1,1,1,TRUE
50292,50295,1,?,1,?,1,1,1,1,1,TRUE
34609,36722,1,1,1,?,1,1,1,1,1,TRUE
81629,81630,1,?,1,?,1,1,1,1,1,TRUE
29601,36782,1,?,1,?,1,1,1,1,1,TRUE
23052,26040,1,1,1,?,1,1,1,1,1,TRUE
46855,95397,1,?,1,?,1,1,1,1,1,TRUE
16988,31376,1,?,1,?,1,1,1,1,1,TRUE
34895,62897,1,?,1,?,1,1,1,1,1,TRUE
40495,59871,1,?,1,?,1,1,1,1,1,TRUE
22106,84031,1,?,1,?,1,1,1,1,1,TRUE
45428,89093,1,?,1,?,1,1,1,1,1,TRUE
15549,21145,1,?,1,?,1,1,1,1,1,TRUE
24165,73397,1,?,1,?,1,1,1,1,0,TRUE
36393,37002,1,?,1,?,1,1,1,1,1,TRUE
39454,40878,1,?,1,?,1,1,1,1,1,TRUE
75542,88543,1,?,1,?,1,1,1,1,1,TRUE
24251,26721,1,?,1,?,1,1,1,1,1,TRUE
1722,2462,1,?,0.888888888888889,?,1,1,1,0,1,TRUE
18636,52364,1,?,1,?,1,1,1,1,1,TRUE
18696,19923,1,?,1,?,1,1,1,1,1,TRUE
27934,27936,1,?,1,?,1,1,1,1,1,TRUE
9377,9397,1,?,1,?,1,1,1,1,1,TRUE
69112,86086,1,?,1,?,1,1,1,1,1,TRUE
90847,90876,1,?,1,?,1,1,1,1,1,TRUE
85328,85329,1,?,1,?,1,1,1,1,1,TRUE
66689,66691,1,?,1,?,1,1,1,1,1,TRUE
32630,69891,1,?,1,?,1,1,1,1,1,TRUE
24905,32556,1,?,1,?,1,1,1,1,1,TRUE
31999,56386,1,?,1,?,1,1,1,1,1,TRUE
27053,70320,1,1,1,?,1,1,1,1,0,TRUE
6764,8900,1,?,1,?,1,1,1,1,1,TRUE
7212,76341,1,1,1,?,1,1,1,1,1,TRUE
53718,55920,1,?,1,?,1,1,1,1,1,TRUE
17310,19030,1,?,1,?,1,1,1,1,1,TRUE
34952,38355,1,?,1,?,1,1,1,1,1,TRUE
45070,94278,1,?,1,?,1,1,1,1,1,TRUE
44662,92505,1,?,1,?,1,1,1,1,1,TRUE
